0.6808042726987119
0.7906286744413688
0.6443377116108506
0.4
0.9333333333333333
0.7545219638242894
0.8165137614678899
0.890625
0.5524781341107872
1.0
0.9842342342342343
0.9166666666666666
0.38377192982456143
0.28757037678648767
0.8501805054151624
1.0
0.9912739965095986
0.8888888888888888
1.0
0.8487799769609383
0.8551245496223859
0.8286383694962399
0.475
0.9622222222222222
0.9031007751937985
0.9495412844036697
0.9732142857142857
0.967930029154519
0.7619047619047619
0.9864864864864865
1.0
0.7445175438596491
0.7215244694673019
0.5252707581227437
0.984375
0.9991273996509599
0.7277777777777777
1.0
0.5236150382238978
0.6128341106559021
0.4710415712455601
0.1
0.9385185185185185
0.7028423772609819
0.944954128440367
0.8861607142857143
0.8236151603498543
0.0
1.0
0.8333333333333334
0.0
0.013425725422260719
0.007220216606498195
0.9895833333333334
0.8795811518324608
0.6861111111111111
1.0
0.8996753586763012
0.8891302287208493
0.8864120327322664
0.4
0.9296296296296296
0.9483204134366925
0.944954128440367
0.9776785714285714
0.9912536443148688
0.7142857142857143
0.963963963963964
1.0
0.8958333333333334
0.7890861844954525
0.7707581227436823
1.0
0.9947643979057592
0.9055555555555556
1.0
0.9151743638077285
0.8986441905545959
0.9032071030788433
0.375
0.942962962962963
0.8294573643410853
0.963302752293578
0.9196428571428571
0.9854227405247813
0.9047619047619048
1.0
1.0
0.8969298245614035
0.8886964053702902
0.776173285198556
1.0
0.9904013961605584
0.9055555555555556
1.0
0.890773903026495
0.8924980243340301
0.876222903210917
0.5
0.9407407407407408
0.9444444444444444
0.9311926605504587
0.953125
0.9897959183673469
0.8571428571428571
0.9887387387387387
1.0
0.8432017543859649
0.7847553053269813
0.7671480144404332
1.0
0.9991273996509599
0.7805555555555556
1.0
0.7981987642685098
0.854496994743637
0.7748010072009274
0.475
0.9851851851851852
0.9612403100775194
0.9174311926605505
0.9397321428571429
0.9985422740524781
0.7142857142857143
0.9594594594594594
1.0
0.9067982456140351
0.3928107405803378
0.6101083032490975
1.0
0.9808027923211169
0.8305555555555556
1.0
0.8130694313540685
0.8202562891558518
0.7900636948919763
0.45
0.9333333333333333
0.7196382428940569
0.8532110091743119
0.9709821428571429
0.8877551020408163
0.6190476190476191
0.9797297297297297
0.8333333333333334
0.8969298245614035
0.577739281074058
0.851985559566787
1.0
0.9930191972076788
0.5694444444444444
0.9879518072289156
0.9073201382343701
0.8991087187205217
0.8943095190987538
0.525
0.9162962962962963
0.7906976744186046
1.0
0.9642857142857143
0.9956268221574344
0.9047619047619048
0.9932432432432432
1.0
0.8333333333333334
0.9120831528800346
0.7454873646209387
0.9947916666666666
0.9851657940663177
0.8611111111111112
0.963855421686747
0.8931825322023248
0.9156980476242944
0.8793516443147374
0.5
0.8888888888888888
0.9224806201550387
0.9770642201834863
0.9308035714285714
0.9941690962099126
1.0
1.0
1.0
0.9375
0.7570376786487657
0.8212996389891697
1.0
0.9895287958115183
0.9444444444444444
0.9879518072289156
